0.00023753 0.00023753 0.166508 0.166508 0.00023753 0.00023753 0.00023753 0.665321 0.00023753 0.00023753
0.0923195 0.00015361 0.00015361 0.00015361 0.245929 0.230568 0.00015361 0.00015361 0.00015361 0.430261
0.000112233 0.0450056 0.258249 0.561279 0.000112233 0.0337823 0.000112233 0.000112233 0.101122 0.000112233
0.000114811 0.126406 0.000114811 0.195293 0.0804822 0.172331 0.287141 0.000114811 0.000114811 0.137887
0.000181488 0.381307 0.000181488 0.000181488 0.000181488 0.000181488 0.472051 0.145372 0.000181488 0.000181488
0.000163666 0.000163666 0.0819967 0.196563 0.000163666 0.147463 0.180196 0.000163666 0.360229 0.0328969
0.153743 0.0769674 0.384069 0.000191939 0.000191939 0.153743 0.000191939 0.000191939 0.000191939 0.230518
2.88101e-05 0.0778162 0.388966 0.0634111 0.043244 0.0576491 0.0893402 0.040363 0.00579084 0.233391
6.7981e-05 0.176818 6.7981e-05 0.557512 0.0544528 6.7981e-05 0.122434 6.7981e-05 0.0476547 0.0408566
0.00862511 0.0171648 8.53971e-05 8.53971e-05 0.205038 0.111102 8.53971e-05 0.0684031 0.0171648 0.572246
0.0267643 0.000133156 0.000133156 0.000133156 0.000133156 0.372969 0.000133156 0.000133156 0.213182 0.386285
0.000497512 0.149751 0.000497512 0.000497512 0.000497512 0.000497512 0.846269 0.000497512 0.000497512 0.000497512
6.93963e-05 0.124983 0.0278279 0.277654 6.93963e-05 6.93963e-05 0.0694656 6.93963e-05 0.201319 0.298473
0.000146843 0.0441997 0.000146843 0.425991 0.000146843 0.000146843 0.0148311 0.0882526 0.000146843 0.425991
0.000133156 0.0933422 0.000133156 0.000133156 0.000133156 0.0800266 0.665912 0.15992 0.000133156 0.000133156
0.0010989 0.0010989 0.0010989 0.0010989 0.0010989 0.88022 0.0010989 0.110989 0.0010989 0.0010989
0.000163666 0.376596 0.0492635 0.229296 0.000163666 0.000163666 0.229296 0.000163666 0.0983633 0.0165303
0.000262467 0.000262467 0.000262467 0.000262467 0.000262467 0.0790026 0.682677 0.236483 0.000262467 0.000262467
0.135758 0.160419 0.000123305 0.000123305 0.000123305 0.000123305 0.419359 0.000123305 0.000123305 0.283724
0.222712 4.94805e-05 0.103958 0.0891143 4.94805e-05 0.054478 0.0940623 0.178179 0.217763 0.0396338
0.000128041 0.140973 0.000128041 0.345839 0.000128041 0.281818 0.000128041 0.115365 0.0513444 0.0641485
0.000184843 0.0371534 0.000184843 0.111091 0.277449 0.129575 0.000184843 0.258965 0.185028 0.000184843
0.185847 0.000232019 0.0234339 0.000232019 0.394664 0.0466357 0.000232019 0.139443 0.000232019 0.209049
0.133313 6.05693e-05 6.05693e-05 6.05693e-05 0.0727438 0.0364022 0.157541 0.393761 0.205996 6.05693e-05
0.144863 0.173806 0.000144718 0.000144718 0.159334 0.000144718 0.000144718 0.0725036 0.44877 0.000144718
0.000178253 0.000178253 0.178431 0.0893048 0.499287 0.000178253 0.000178253 0.000178253 0.142781 0.0893048
9.60615e-05 0.432373 0.0385207 9.60615e-05 9.60615e-05 0.0193084 0.374736 0.0769452 9.60615e-05 0.057733
0.239197 0.128181 0.0171648 8.53971e-05 0.273356 0.102562 8.53971e-05 0.0342442 0.136721 0.0684031
0.49963 9.25069e-05 0.10185 9.25069e-05 0.120352 9.25069e-05 0.111101 9.25069e-05 0.166605 9.25069e-05
0.000181488 0.000181488 0.0183303 0.345009 0.526497 0.000181488 0.109074 0.000181488 0.000181488 0.000181488
0.209049 0.301856 0.0698376 0.000232019 0.139443 0.000232019 0.0698376 0.209049 0.000232019 0.000232019
0.000621118 0.000621118 0.000621118 0.000621118 0.000621118 0.373292 0.124845 0.000621118 0.000621118 0.497516
0.000175131 0.000175131 0.000175131 0.000175131 0.788266 0.000175131 0.0527145 0.000175131 0.157793 0.000175131
0.000121803 0.000121803 0.134105 0.000121803 0.779659 0.000121803 0.0244823 0.000121803 0.000121803 0.0610231
0.505549 0.220486 3.80084e-05 0.0988597 0.0304447 3.80084e-05 3.80084e-05 3.80084e-05 0.0646522 0.0798556
0.000184843 0.000184843 0.000184843 0.000184843 0.388355 0.203512 0.000184843 0.000184843 0.406839 0.000184843
0.267883 0.0975669 0.0975669 0.000243309 0.000243309 0.000243309 0.000243309 0.486861 0.0489051 0.000243309
0.00070922 0.355319 0.00070922 0.00070922 0.00070922 0.00070922 0.00070922 0.639007 0.00070922 0.00070922
0.000584795 0.468421 0.000584795 0.000584795 0.117544 0.000584795 0.000584795 0.409942 0.000584795 0.000584795
0.000249377 0.0501247 0.000249377 0.000249377 0.324439 0.000249377 0.000249377 0.573815 0.0501247 0.000249377
0.721622 0.000900901 0.000900901 0.000900901 0.000900901 0.000900901 0.000900901 0.271171 0.000900901 0.000900901
0.000398406 0.000398406 0.000398406 0.000398406 0.000398406 0.000398406 0.398805 0.000398406 0.598008 0.000398406
0.000110988 0.000110988 0.0112098 0.000110988 0.199889 0.133296 0.000110988 0.000110988 0.654939 0.000110988
0.00123457 0.00123457 0.00123457 0.371605 0.00123457 0.00123457 0.00123457 0.00123457 0.618519 0.00123457
0.000140647 0.000140647 0.000140647 0.0985935 0.604923 0.140788 0.154852 0.000140647 0.000140647 0.000140647
0.530674 0.0787744 3.42349e-05 3.42349e-05 0.208867 3.42349e-05 0.0685039 3.42349e-05 0.102739 0.0103047
0.0004329 0.0004329 0.0004329 0.0004329 0.996104 0.0004329 0.0004329 0.0004329 0.0004329 0.0004329
0.282774 0.0789612 0.0329389 6.57462e-05 6.57462e-05 0.407692 6.57462e-05 0.0526627 0.144707 6.57462e-05
0.536054 0.219367 0.000121803 0.000121803 0.000121803 0.000121803 0.000121803 0.121924 0.000121803 0.121924
0.804981 0.000383142 0.000383142 0.000383142 0.000383142 0.000383142 0.191954 0.000383142 0.000383142 0.000383142
0.000662252 0.000662252 0.000662252 0.000662252 0.861589 0.133113 0.000662252 0.000662252 0.000662252 0.000662252
5.94884e-05 0.196371 5.94884e-05 5.94884e-05 0.481916 0.20232 0.119036 5.94884e-05 5.94884e-05 5.94884e-05
0.000249377 0.000249377 0.000249377 0.000249377 0.349377 0.000249377 0.000249377 0.249626 0.149875 0.249626
0.71753 0.000398406 0.000398406 0.000398406 0.000398406 0.000398406 0.000398406 0.000398406 0.279283 0.000398406
0.00015361 0.00015361 0.00015361 0.00015361 0.00015361 0.00015361 0.00015361 0.276651 0.583871 0.138402
0.997281 0.000302115 0.000302115 0.000302115 0.000302115 0.000302115 0.000302115 0.000302115 0.000302115 0.000302115
0.131833 0.0440176 0.000109769 0.000109769 0.120856 0.000109769 0.000109769 0.39528 0.307464 0.000109769
0.000343643 0.000343643 0.000343643 0.000343643 0.790722 0.000343643 0.206529 0.000343643 0.000343643 0.000343643
0.000232019 0.0930395 0.000232019 0.000232019 0.278654 0.394664 0.232251 0.000232019 0.000232019 0.000232019
0.000188324 0.000188324 0.000188324 0.226177 0.000188324 0.000188324 0.000188324 0.16968 0.470998 0.132015
0.901802 0.000900901 0.000900901 0.090991 0.000900901 0.000900901 0.000900901 0.000900901 0.000900901 0.000900901
0.202259 0.000118906 0.000118906 0.142806 0.119025 0.535196 0.000118906 0.000118906 0.000118906 0.000118906
0.402534 0.0597616 0.0597616 0.000149031 0.19389 0.000149031 0.0895678 0.14918 0.000149031 0.0448584
0.209386 0.128359 6.75219e-05 6.75219e-05 0.297164 0.00681972 6.75219e-05 0.297164 6.75219e-05 0.0608373
0.000181488 0.63539 0.000181488 0.000181488 0.000181488 0.000181488 0.054628 0.236116 0.000181488 0.0727768
0.342134 0.000136799 0.000136799 0.000136799 0.478933 0.177975 0.000136799 0.000136799 0.000136799 0.000136799
0.490382 0.0283357 4.71476e-05 4.71476e-05 0.099057 0.0471947 0.080198 4.71476e-05 0.254644 4.71476e-05
0.000383142 0.000383142 0.000383142 0.000383142 0.766667 0.000383142 0.000383142 0.000383142 0.230268 0.000383142
0.216473 0.349584 0.000166389 0.0667221 0.133278 0.000166389 0.000166389 0.000166389 0.233111 0.000166389
0.000109769 0.439188 0.000109769 0.230626 0.000109769 0.0330406 0.109879 0.175741 0.000109769 0.0110867
0.611143 0.107908 0.0360173 7.18907e-05 0.0647735 7.18907e-05 0.17261 0.00726096 7.18907e-05 7.18907e-05
0.25475 0.0784525 9.79432e-05 9.79432e-05 9.79432e-05 0.0882468 9.79432e-05 9.79432e-05 0.577963 9.79432e-05
0.000552486 0.000552486 0.000552486 0.000552486 0.829282 0.000552486 0.000552486 0.000552486 0.166298 0.000552486
0.597512 0.398507 0.000497512 0.000497512 0.000497512 0.000497512 0.000497512 0.000497512 0.000497512 0.000497512
0.228245 0.0944925 7.86782e-05 7.86782e-05 7.86782e-05 7.86782e-05 0.196774 7.86782e-05 0.251849 0.228245
0.532756 0.000133156 0.106658 0.000133156 0.15992 0.000133156 0.000133156 0.186551 0.000133156 0.0134487
0.463696 0.00989806 3.28839e-05 3.28839e-05 0.0362052 0.0986846 0.194048 0.197336 3.28839e-05 3.28839e-05
0.0002079 0.0002079 0.0002079 0.0002079 0.727859 0.270478 0.0002079 0.0002079 0.0002079 0.0002079
0.672668 0.0219089 0.0869848 0.00021692 0.00021692 0.217137 0.00021692 0.00021692 0.00021692 0.00021692
0.000169205 0.000169205 0.237056 0.169374 0.000169205 0.000169205 0.000169205 0.000169205 0.423181 0.169374
0.77033 0.220879 0.0010989 0.0010989 0.0010989 0.0010989 0.0010989 0.0010989 0.0010989 0.0010989
0.000101937 0.214169 0.000101937 0.000101937 0.448624 0.000101937 0.000101937 0.122426 0.0408767 0.173395
0.354989 0.000221729 0.000221729 0.000221729 0.000221729 0.000221729 0.000221729 0.643237 0.000221729 0.000221729
0.128359 6.75219e-05 0.128359 6.75219e-05 0.472721 0.0203241 6.75219e-05 0.141864 0.108103 6.75219e-05
0.49801 0.000497512 0.000497512 0.000497512 0.000497512 0.000497512 0.000497512 0.000497512 0.49801 0.000497512
0.20275 0.000144718 0.000144718 0.000144718 0.000144718 0.0580318 0.000144718 0.636903 0.101447 0.000144718
0.36979 0.140029 0.014378 0.0395082 1.79501e-05 1.79501e-05 1.79501e-05 0.436205 1.79501e-05 1.79501e-05
0.741452 0.196823 0.000151286 0.0606657 0.000151286 0.000151286 0.000151286 0.000151286 0.000151286 0.000151286
0.300776 0.0194956 0.0194956 9.69932e-05 0.0776916 0.00979631 9.69932e-05 0.572357 9.69932e-05 9.69932e-05
0.464269 0.000232019 0.000232019 0.000232019 0.000232019 0.34826 0.185847 0.000232019 0.000232019 0.000232019
0.000343643 0.172165 0.000343643 0.000343643 0.275258 0.137801 0.000343643 0.275258 0.000343643 0.137801
0.000321543 0.000321543 0.000321543 0.000321543 0.418328 0.000321543 0.000321543 0.386174 0.193248 0.000321543
0.000826446 0.000826446 0.000826446 0.000826446 0.496694 0.000826446 0.000826446 0.496694 0.000826446 0.000826446
0.356532 0.00023753 0.0477435 0.00023753 0.332779 0.0952494 0.166508 0.00023753 0.00023753 0.00023753
0.000191939 0.000191939 0.000191939 0.000191939 0.000191939 0.172937 0.249712 0.422457 0.0961612 0.0577735
0.615807 0.000166389 0.000166389 0.000166389 0.0168053 0.000166389 0.000166389 0.0833611 0.283028 0.000166389
0.411951 0.243146 6.75219e-05 0.0203241 0.108103 6.75219e-05 6.75219e-05 6.75219e-05 0.216138 6.75219e-05
0.315506 0.1841 0.000131406 0.000131406 0.000131406 0.000131406 0.078975 0.302365 0.000131406 0.118397
7.62776e-05 0.0382151 7.62776e-05 7.62776e-05 0.267048 7.62776e-05 0.00770404 0.343326 0.343326 7.62776e-05
0.000212314 0.000212314 0.106369 0.000212314 0.000212314 0.891932 0.000212314 0.000212314 0.000212314 0.000212314
0.000332226 0.000332226 0.399003 0.000332226 0.498671 0.1 0.000332226 0.000332226 0.000332226 0.000332226
0.000199601 0.359481 0.000199601 0.000199601 0.000199601 0.15988 0.000199601 0.000199601 0.339521 0.13992
0.316617 0.573788 9.8912e-05 0.0198813 9.8912e-05 9.8912e-05 0.0891197 9.8912e-05 9.8912e-05 9.8912e-05
0.0244517 0.11381 8.12348e-05 0.0325751 0.0163282 0.373761 0.0163282 0.00820471 0.30065 0.11381
0.446072 0.000212314 0.000212314 0.000212314 0.000212314 0.000212314 0.0214437 0.000212314 0.0214437 0.509766
0.430724 0.293738 0.0393346 0.0589041 0.000195695 0.000195695 0.156751 0.000195695 0.0197652 0.000195695
0.382592 7.8064e-05 7.8064e-05 0.0156909 7.8064e-05 0.164012 0.304528 7.8064e-05 7.8064e-05 0.132787
0.000383142 0.000383142 0.000383142 0.000383142 0.000383142 0.728352 0.000383142 0.268582 0.000383142 0.000383142
0.0372694 0.627675 0.000369004 0.0741697 0.000369004 0.000369004 0.000369004 0.000369004 0.258672 0.000369004
0.367254 0.499413 0.000146843 0.102937 0.000146843 0.000146843 0.0295154 0.000146843 0.000146843 0.000146843
0.000113507 0.283882 0.000113507 0.124972 0.0568672 0.26118 0.159024 0.113621 0.000113507 0.000113507
0.0715302 0.000355872 0.000355872 0.000355872 0.000355872 0.925623 0.000355872 0.000355872 0.000355872 0.000355872
0.000293255 0.000293255 0.000293255 0.000293255 0.000293255 0.528153 0.000293255 0.440176 0.0296188 0.000293255
0.000311526 0.280685 0.000311526 0.21838 0.187227 0.311838 0.000311526 0.000311526 0.000311526 0.000311526
0.000398406 0.000398406 0.000398406 0.000398406 0.000398406 0.040239 0.159761 0.797211 0.000398406 0.000398406
0.195778 0.391452 0.000102987 0.000102987 0.000102987 0.144284 0.0412976 0.0207003 0.206076 0.000102987
0.645315 0.00015361 0.00015361 0.00015361 0.230568 0.00015361 0.00015361 0.00015361 0.123041 0.00015361
0.000552486 0.000552486 0.000552486 0.000552486 0.995028 0.000552486 0.000552486 0.000552486 0.000552486 0.000552486
0.115365 0.166581 0.0385403 0.000128041 0.435467 0.0385403 0.000128041 0.204994 0.000128041 0.000128041
0.000195695 0.000195695 0.176321 0.000195695 0.000195695 0.000195695 0.117613 0.156751 0.548141 0.000195695
0.0002079 0.873389 0.0002079 0.0002079 0.0002079 0.0002079 0.0002079 0.0002079 0.0002079 0.124948
0.136199 0.317195 0.000452489 0.226697 0.000452489 0.000452489 0.000452489 0.317195 0.000452489 0.000452489
0.0102956 0.183588 0.0102956 0.030683 0.193782 0.061264 0.000101937 0.203976 0.305912 0.000101937
0.259681 0.319561 0.000199601 0.000199601 0.000199601 0.0800399 0.279641 0.000199601 0.0600798 0.000199601
0.317852 0.000151286 0.000151286 0.0606657 0.196823 0.378366 0.000151286 0.0455371 0.000151286 0.000151286
0.535223 0.122597 0.01679 0.0030947 0.0508074 0.0609684 0.0300435 0.00375737 0.17274 0.00397826
0.391051 0.191225 8.6881e-05 0.095656 0.0869679 0.191225 8.6881e-05 0.0435274 8.6881e-05 8.6881e-05
0.00163934 0.985246 0.00163934 0.00163934 0.00163934 0.00163934 0.00163934 0.00163934 0.00163934 0.00163934
0.564208 0.00021692 0.00021692 0.00021692 0.36898 0.00021692 0.0652928 0.00021692 0.00021692 0.00021692
0.800616 4.73709e-05 4.73709e-05 4.73709e-05 0.109 4.73709e-05 0.0284699 4.73709e-05 0.0616296 4.73709e-05
0.000277008 0.000277008 0.000277008 0.000277008 0.000277008 0.000277008 0.000277008 0.000277008 0.997507 0.000277008
0.48174 7.18907e-05 0.0288282 7.18907e-05 0.266068 7.18907e-05 0.0791517 7.18907e-05 0.0432063 0.100719
0.780718 7.8064e-05 7.8064e-05 7.8064e-05 0.0781421 0.109368 7.8064e-05 7.8064e-05 0.0313037 7.8064e-05
0.701325 5.52181e-05 5.52181e-05 5.52181e-05 5.52181e-05 0.0221425 0.154666 5.52181e-05 0.0442297 0.0773606
0.361261 0.000900901 0.000900901 0.000900901 0.090991 0.000900901 0.000900901 0.000900901 0.541441 0.000900901
0.161093 0.000321543 0.128939 0.000321543 0.546945 0.000321543 0.000321543 0.000321543 0.161093 0.000321543
0.000131406 0.000131406 0.0658344 0.276084 0.262944 0.000131406 0.000131406 0.0526938 0.341787 0.000131406
0.000149031 0.268405 0.000149031 0.000149031 0.223696 0.000149031 0.000149031 0.000149031 0.506855 0.000149031
0.526652 5.37345e-05 0.0806556 0.0322945 0.0806556 0.0645352 0.0430414 5.37345e-05 0.172004 5.37345e-05
0.272503 0.181712 0.000129702 0.000129702 0.518936 0.000129702 0.02607 0.000129702 0.000129702 0.000129702
0.000262467 0.0527559 0.000262467 0.000262467 0.000262467 0.0790026 0.000262467 0.000262467 0.866404 0.000262467
0.000321543 0.450482 0.000321543 0.000321543 0.161093 0.000321543 0.000321543 0.000321543 0.000321543 0.386174
0.586891 0.174906 0.000124844 0.000124844 0.000124844 0.000124844 0.0250936 0.000124844 0.21236 0.000124844
0.526423 0.000107411 0.000107411 0.043072 0.0645542 0.000107411 0.000107411 0.000107411 0.365306 0.000107411
0.00140845 0.00140845 0.00140845 0.00140845 0.00140845 0.987324 0.00140845 0.00140845 0.00140845 0.00140845
0.332964 0.000158479 0.222029 0.000158479 0.000158479 0.443899 0.000158479 0.000158479 0.000158479 0.000158479
0.554713 0.000184843 0.000184843 0.0371534 0.000184843 0.185028 0.166543 0.0556377 0.000184843 0.000184843
0.229771 0.000763359 0.000763359 0.000763359 0.000763359 0.764122 0.000763359 0.000763359 0.000763359 0.000763359
0.303463 0.0004329 0.0004329 0.0004329 0.693074 0.0004329 0.0004329 0.0004329 0.0004329 0.0004329
0.00196078 0.00196078 0.00196078 0.00196078 0.982353 0.00196078 0.00196078 0.00196078 0.00196078 0.00196078
0.356532 0.166508 0.00023753 0.00023753 0.214014 0.0239905 0.00023753 0.00023753 0.00023753 0.237767
0.262872 0.157793 0.000175131 0.000175131 0.000175131 0.000175131 0.000175131 0.000175131 0.578109 0.000175131
0.000191939 0.000191939 0.000191939 0.0193858 0.211324 0.326488 0.000191939 0.2881 0.0961612 0.0577735
0.000584795 0.292982 0.000584795 0.117544 0.000584795 0.58538 0.000584795 0.000584795 0.000584795 0.000584795
0.434944 0.000161031 0.000161031 0.225604 0.000161031 0.000161031 0.000161031 0.0967794 0.241707 0.000161031
0.000163666 0.000163666 0.0819967 0.000163666 0.589362 0.000163666 0.180196 0.000163666 0.000163666 0.147463
0.0002079 0.416008 0.0002079 0.0002079 0.166528 0.208108 0.0002079 0.0417879 0.124948 0.0417879
0.000355872 0.142705 0.0359431 0.000355872 0.818861 0.000355872 0.000355872 0.000355872 0.000355872 0.000355872
0.216871 0.14147 0.00951932 9.42507e-05 0.16032 9.42507e-05 9.42507e-05 0.169746 0.12262 0.179171
6.98812e-05 0.0419986 6.98812e-05 6.98812e-05 0.202725 0.293571 0.0909154 0.0489867 0.321523 6.98812e-05
0.795364 0.000662252 0.000662252 0.000662252 0.000662252 0.000662252 0.199338 0.000662252 0.000662252 0.000662252
0.679186 0.0457014 0.136199 0.000452489 0.000452489 0.000452489 0.000452489 0.000452489 0.000452489 0.136199
0.000293255 0.000293255 0.000293255 0.146921 0.000293255 0.000293255 0.293548 0.000293255 0.557478 0.000293255
0.000203666 0.000203666 0.000203666 0.000203666 0.224236 0.183503 0.305703 0.0205703 0.264969 0.000203666
5.94884e-05 0.0298037 0.0417014 5.94884e-05 0.398632 0.220167 0.0714456 5.94884e-05 0.154729 0.0833432
0.622822 0.000414938 0.373859 0.000414938 0.000414938 0.000414938 0.000414938 0.000414938 0.000414938 0.000414938
0.000383142 0.000383142 0.536782 0.000383142 0.421839 0.000383142 0.000383142 0.0386973 0.000383142 0.000383142
0.505966 0.000129702 0.0649806 0.0130999 0.000129702 0.000129702 0.0909209 0.103891 0.220623 0.000129702
0.000212314 0.000212314 0.000212314 0.000212314 0.785775 0.212527 0.000212314 0.000212314 0.000212314 0.000212314
0.0700827 6.36537e-05 6.36537e-05 0.057352 0.146467 0.343794 0.381986 6.36537e-05 6.36537e-05 6.36537e-05
0.747303 0.000414938 0.000414938 0.000414938 0.249378 0.000414938 0.000414938 0.000414938 0.000414938 0.000414938
0.000302115 0.000302115 0.000302115 0.000302115 0.000302115 0.000302115 0.241994 0.241994 0.513897 0.000302115
0.000302115 0.272205 0.000302115 0.0305136 0.000302115 0.332628 0.000302115 0.36284 0.000302115 0.000302115
0.0002849 0.0002849 0.0002849 0.0002849 0.712536 0.0002849 0.0002849 0.0287749 0.228205 0.0287749
0.000277008 0.000277008 0.000277008 0.000277008 0.360388 0.000277008 0.000277008 0.166482 0.471191 0.000277008
0.00322581 0.648387 0.00322581 0.00322581 0.00322581 0.325806 0.00322581 0.00322581 0.00322581 0.00322581
0.00909091 0.00909091 0.00909091 0.00909091 0.918182 0.00909091 0.00909091 0.00909091 0.00909091 0.00909091
0.729139 0.000662252 0.000662252 0.000662252 0.000662252 0.000662252 0.265563 0.000662252 0.000662252 0.000662252
0.000123305 0.000123305 0.17275 0.209741 0.45635 0.000123305 0.123428 0.000123305 0.0371147 0.000123305
0.000990099 0.000990099 0.000990099 0.000990099 0.000990099 0.000990099 0.991089 0.000990099 0.000990099 0.000990099
6.16903e-05 0.00623072 0.20364 0.055583 6.16903e-05 0.370204 0.308513 0.055583 6.16903e-05 6.16903e-05
0.166116 0.24876 0.000826446 0.579339 0.000826446 0.000826446 0.000826446 0.000826446 0.000826446 0.000826446
0.000311526 0.000311526 0.000311526 0.000311526 0.000311526 0.000311526 0.000311526 0.592212 0.000311526 0.405296
5.37345e-05 0.0108006 0.129017 0.0806556 0.026921 0.102149 0.0967759 0.166631 0.0967759 0.29022
0.171763 0.000156006 0.0781591 0.000156006 0.000156006 0.187364 0.000156006 0.10936 0.000156006 0.452574
0.0558011 0.000552486 0.000552486 0.000552486 0.000552486 0.000552486 0.663536 0.000552486 0.000552486 0.276796
0.148583 0.000134953 0.0946019 0.000134953 0.000134953 0.27004 0.000134953 0.000134953 0.0271255 0.458974
0.0580014 7.24113e-05 7.24113e-05 0.152136 7.24113e-05 0.289718 7.24113e-05 0.137654 7.24113e-05 0.362129
0.000584795 0.000584795 0.468421 0.468421 0.000584795 0.000584795 0.000584795 0.0590643 0.000584795 0.000584795
0.0281303 0.117967 0.0112858 5.61482e-05 0.0786637 0.224649 0.0730488 5.61482e-05 5.61482e-05 0.466086
0.0994767 0.146572 5.23286e-05 0.151805 0.052381 5.23286e-05 0.0942438 5.23286e-05 0.0837781 0.371586
0.0002079 0.0417879 0.0002079 0.0002079 0.0002079 0.312058 0.332848 0.312058 0.0002079 0.0002079
7.13776e-05 0.0643112 7.13776e-05 0.16424 0.22848 0.0143469 7.13776e-05 7.13776e-05 7.13776e-05 0.528266
0.0313037 0.195238 7.8064e-05 7.8064e-05 7.8064e-05 7.8064e-05 0.156206 7.8064e-05 0.117174 0.499688
0.00021692 0.0869848 0.00021692 0.173753 0.0869848 0.00021692 0.00021692 0.00021692 0.650976 0.00021692
0.0002849 0.0002849 0.0002849 0.570086 0.0002849 0.0002849 0.0002849 0.0002849 0.256695 0.171225
0.000123305 0.000123305 0.0617756 0.098767 0.000123305 0.000123305 0.000123305 0.0371147 0.283724 0.518002
0.378351 0.000343643 0.000343643 0.000343643 0.481443 0.000343643 0.000343643 0.000343643 0.000343643 0.137801
0.0002079 0.395218 0.0002079 0.0002079 0.0002079 0.0002079 0.603119 0.0002079 0.0002079 0.0002079
0.193248 0.000321543 0.000321543 0.257556 0.000321543 0.000321543 0.386174 0.000321543 0.000321543 0.161093
0.000156006 0.000156006 0.218565 0.000156006 0.000156006 0.327769 0.000156006 0.000156006 0.265367 0.187364
0.107136 0.178501 8.92061e-05 8.92061e-05 8.92061e-05 8.92061e-05 0.15174 0.142819 8.92061e-05 0.419358
0.000181488 0.000181488 0.054628 0.199819 0.109074 0.000181488 0.109074 0.345009 0.054628 0.127223
0.0331131 0.0909166 0.0744013 0.14872 0.14872 8.25764e-05 0.107432 8.25764e-05 0.0909166 0.305615
0.000140647 0.000140647 0.000140647 0.126723 0.000140647 0.02827 0.000140647 0.168917 0.0845288 0.590858
0.0592894 0.0740933 0.0888971 7.40192e-05 7.40192e-05 0.170318 7.40192e-05 0.377572 7.40192e-05 0.229534
9.0009e-05 0.153105 9.0009e-05 0.279118 9.0009e-05 0.090099 0.0270927 9.0009e-05 0.405131 0.0450945
0.0746458 7.45712e-05 7.45712e-05 0.201417 7.45712e-05 0.179045 7.45712e-05 7.45712e-05 0.0373602 0.507159
0.000110988 0.000110988 0.000110988 0.000110988 0.177691 0.521754 0.299778 0.000110988 0.000110988 0.000110988
0.0234339 0.441067 0.000232019 0.000232019 0.000232019 0.000232019 0.0930395 0.000232019 0.000232019 0.441067
0.197695 0.0330406 0.000109769 0.373326 0.109879 0.000109769 0.120856 0.000109769 0.000109769 0.164764
0.0142452 0.184337 7.08717e-05 0.184337 0.396952 0.0780298 7.08717e-05 7.08717e-05 7.08717e-05 0.141814
6.75219e-05 6.75219e-05 0.0338285 6.75219e-05 0.229642 6.75219e-05 0.290412 0.128359 0.0608373 0.256651
0.159334 0.332996 0.000144718 0.159334 0.0146165 0.188278 0.000144718 0.144863 0.000144718 0.000144718
0.000118906 0.000118906 0.000118906 0.130916 0.285493 0.273603 0.000118906 0.000118906 0.000118906 0.309275
0.000226757 0.0229025 0.000226757 0.000226757 0.226984 0.000226757 0.204308 0.521769 0.0229025 0.000226757
0.000109769 0.592865 0.000109769 0.0440176 0.000109769 0.0659715 0.109879 0.0549945 0.000109769 0.131833
0.16968 0.000188324 0.000188324 0.000188324 0.0566855 0.000188324 0.150847 0.0943503 0.339171 0.188512
0.203215 0.38934 0.000169205 0.270897 0.000169205 0.000169205 0.000169205 0.000169205 0.000169205 0.135533
7.40192e-05 7.40192e-05 7.40192e-05 0.0444856 0.0888971 0.118505 0.185122 0.244337 7.40192e-05 0.318357
0.148583 0.000134953 0.0406208 0.108097 0.000134953 0.148583 0.135088 0.000134953 0.000134953 0.418489
0.161192 0.290016 0.000161031 0.0806763 0.000161031 0.000161031 0.402738 0.000161031 0.000161031 0.0645733
0.000355872 0.000355872 0.0359431 0.000355872 0.000355872 0.7121 0.249466 0.000355872 0.000355872 0.000355872
0.000166389 0.000166389 0.000166389 0.532612 0.399501 0.000166389 0.000166389 0.000166389 0.0667221 0.000166389
0.00140845 0.00140845 0.00140845 0.423944 0.564789 0.00140845 0.00140845 0.00140845 0.00140845 0.00140845
0.000355872 0.000355872 0.000355872 0.000355872 0.000355872 0.7121 0.000355872 0.000355872 0.000355872 0.285053
0.000161031 0.000161031 0.000161031 0.0967794 0.193398 0.000161031 0.434944 0.161192 0.112882 0.000161031
0.000321543 0.000321543 0.0324759 0.225402 0.000321543 0.000321543 0.611254 0.000321543 0.000321543 0.128939
0.0699712 0.0946524 0.04529 4.11353e-05 0.123447 0.176923 0.0329494 0.316783 0.00415467 0.135788
0.0382851 5.4615e-05 0.0710541 0.0655926 0.338667 5.4615e-05 0.0546696 0.218514 0.103823 0.109285
0.0205703 0.000203666 0.000203666 0.0409369 0.000203666 0.000203666 0.550102 0.244603 0.14277 0.000203666
0.170064 0.000212314 0.000212314 0.000212314 0.000212314 0.000212314 0.382378 0.446072 0.000212314 0.000212314
0.178478 0.000118906 0.0833532 0.190369 0.000118906 0.0239001 0.0357907 0.0476813 0.119025 0.321165
9.8912e-05 9.8912e-05 9.8912e-05 9.8912e-05 9.8912e-05 9.8912e-05 0.227596 0.25727 0.0891197 0.42542
0.171225 0.0002849 0.0002849 0.0002849 0.0002849 0.0002849 0.0002849 0.0002849 0.0002849 0.826496
0.111094 0.000158479 0.000158479 0.0952456 0.0477021 0.190333 0.332964 0.000158479 0.000158479 0.222029
0.000188324 0.000188324 0.000188324 0.000188324 0.000188324 0.320339 0.113183 0.000188324 0.0755179 0.489831
0.10084 8.39631e-05 0.0252729 8.39631e-05 0.126029 8.39631e-05 0.0504618 0.193199 0.209992 0.293955
0.00023753 0.142755 0.427791 0.00023753 0.00023753 0.00023753 0.00023753 0.00023753 0.427791 0.00023753
0.000621118 0.000621118 0.000621118 0.000621118 0.31118 0.000621118 0.621739 0.000621118 0.000621118 0.0627329
0.149972 0.138867 5.55247e-05 0.0555802 5.55247e-05 5.55247e-05 5.55247e-05 0.0333703 0.0167129 0.605275
7.24113e-05 7.24113e-05 0.0507603 0.086966 0.0362781 7.24113e-05 7.24113e-05 0.535916 7.24113e-05 0.289718
0.000414938 0.124896 0.871784 0.000414938 0.000414938 0.000414938 0.000414938 0.000414938 0.000414938 0.000414938
0.00015361 0.00015361 0.153763 0.00015361 0.00015361 0.00015361 0.230568 0.0615975 0.0462366 0.507066
0.000199601 0.13992 0.11996 0.000199601 0.000199601 0.000199601 0.000199601 0.000199601 0.000199601 0.738723
0.000497512 0.000497512 0.000497512 0.199502 0.000497512 0.000497512 0.000497512 0.796517 0.000497512 0.000497512
0.000990099 0.000990099 0.000990099 0.000990099 0.000990099 0.000990099 0.000990099 0.991089 0.000990099 0.000990099
8.84173e-05 0.0354554 8.84173e-05 0.079664 8.84173e-05 0.132714 0.495225 8.84173e-05 8.84173e-05 0.256499
0.397769 0.0776916 0.164985 0.00979631 0.184384 9.69932e-05 9.69932e-05 9.69932e-05 0.164985 9.69932e-05
0.182707 0.000107411 0.0215897 0.000107411 0.000107411 0.000107411 0.000107411 0.0645542 0.000107411 0.730505
0.321865 0.000321543 0.514791 0.000321543 0.000321543 0.0646302 0.000321543 0.000321543 0.000321543 0.0967846
0.186367 8.4674e-05 8.4674e-05 0.0254869 8.4674e-05 8.4674e-05 0.0424217 8.4674e-05 8.4674e-05 0.745216
0.000414938 0.000414938 0.000414938 0.000414938 0.16639 0.747303 0.0834025 0.000414938 0.000414938 0.000414938
0.318994 7.08717e-05 7.08717e-05 0.318994 0.00715804 7.08717e-05 7.08717e-05 0.0355067 0.134727 0.184337
0.166482 0.000277008 0.000277008 0.000277008 0.000277008 0.000277008 0.000277008 0.000277008 0.000277008 0.831302
0.0954566 0.018219 4.54339e-05 0.00458882 4.54339e-05 4.54339e-05 0.0409359 0.222671 0.0136756 0.604316
0.000175131 0.000175131 0.000175131 0.19282 0.000175131 0.000175131 0.000175131 0.0877408 0.227846 0.490543
0.000188324 0.113183 0.000188324 0.000188324 0.000188324 0.000188324 0.000188324 0.0755179 0.414501 0.395669
7.9936e-05 0.0240608 0.0640288 0.0480416 0.103997 0.231894 0.0560352 7.9936e-05 0.0320544 0.439728
6.7981e-05 0.122434 0.0204623 0.00686608 6.7981e-05 0.0272604 0.163222 0.0340585 0.0408566 0.584704
0.000184843 0.0371534 0.000184843 0.295933 0.000184843 0.000184843 0.499261 0.148059 0.000184843 0.0186691
0.299715 0.1 0.000142653 0.356776 0.000142653 0.000142653 0.000142653 0.000142653 0.242653 0.000142653
0.293738 0.000195695 0.000195695 0.0589041 0.254599 0.000195695 0.156751 0.000195695 0.000195695 0.235029
0.499584 0.000104058 0.000104058 0.0521332 0.000104058 0.197815 0.249844 0.000104058 0.000104058 0.000104058
0.371041 0.128531 0.014408 0.000142653 0.000142653 0.000142653 0.342511 0.000142653 0.142796 0.000142653
0.000129702 0.0909209 0.246563 0.0520104 0.000129702 0.000129702 0.194682 0.000129702 0.000129702 0.415175
0.00616375 3.06654e-05 0.168691 0.024563 3.06654e-05 0.0337626 0.184023 0.092027 0.024563 0.466145
0.000161031 0.000161031 0.177295 0.000161031 0.000161031 0.000161031 0.241707 0.0323672 0.000161031 0.547665
0.178987 0.000149031 0.268405 0.000149031 0.000149031 0.000149031 0.357824 0.000149031 0.134277 0.0597616
0.000293255 0.000293255 0.41085 0.000293255 0.000293255 0.264223 0.000293255 0.000293255 0.000293255 0.322874
0.00052356 0.00052356 0.157592 0.00052356 0.105236 0.00052356 0.00052356 0.00052356 0.00052356 0.733508
0.000302115 0.302417 0.000302115 0.000302115 0.181571 0.000302115 0.000302115 0.513897 0.000302115 0.000302115
9.69932e-05 9.69932e-05 0.0776916 9.69932e-05 9.69932e-05 9.69932e-05 0.194083 0.126188 0.164985 0.436566
0.306107 0.000763359 0.000763359 0.000763359 0.229771 0.000763359 0.000763359 0.000763359 0.458779 0.000763359
0.00015361 0.0615975 0.0769585 0.00015361 0.199846 0.00015361 0.338095 0.292012 0.0308756 0.00015361
9.99001e-05 9.99001e-05 0.23986 0.06004 9.99001e-05 9.99001e-05 0.1 0.1 0.0300699 0.46963
0.284017 0.0211356 0.294532 0.000105152 0.000105152 0.000105152 0.0631966 0.294532 0.0421661 0.000105152
0.0002079 0.0002079 0.187318 0.0002079 0.0417879 0.0002079 0.0002079 0.208108 0.0002079 0.561538
0.000169205 0.000169205 0.440102 0.000169205 0.0678511 0.000169205 0.000169205 0.490863 0.000169205 0.000169205
0.0887188 8.05802e-05 0.0645447 0.0323127 8.05802e-05 8.05802e-05 8.05802e-05 0.5722 8.05802e-05 0.241821
0.055583 6.16903e-05 0.0370759 0.0185688 0.061752 0.0802591 0.0185688 6.16903e-05 0.0494139 0.678655
0.103445 0.0431525 8.61326e-05 0.146512 8.61326e-05 8.61326e-05 0.215418 8.61326e-05 8.61326e-05 0.491042
0.186551 0.0134487 0.000133156 0.000133156 0.0134487 0.000133156 0.000133156 0.306391 0.000133156 0.479494
0.000497512 0.000497512 0.000497512 0.000497512 0.000497512 0.000497512 0.149751 0.000497512 0.000497512 0.846269
0.00052356 0.00052356 0.00052356 0.00052356 0.00052356 0.00052356 0.00052356 0.00052356 0.995288 0.00052356
0.0171648 0.538087 8.53971e-05 0.14526 8.53971e-05 8.53971e-05 0.0513237 8.53971e-05 0.187959 0.0598634
7.45712e-05 0.0970171 7.45712e-05 0.335645 0.216331 0.0448173 0.0522744 0.0671887 0.186503 7.45712e-05
0.00138527 0.780428 1.37155e-05 0.0384172 0.0480181 0.0356741 0.00549993 0.0164724 0.0480181 0.0260732
0.158465 0.0488429 0.000121803 0.280268 0.134105 0.000121803 0.000121803 0.146285 0.000121803 0.231547
0.0380531 0.379393 0.000126422 0.0759798 0.000126422 0.000126422 0.404678 0.000126422 0.000126422 0.101264
0.0322893 0.589636 4.60617e-05 0.193505 0.0276831 0.0553201 4.60617e-05 0.0138646 0.0276831 0.0599263
1.06598e-05 0.803763 1.06598e-05 0.04265 0.0543759 0.04265 1.06598e-05 0.0128025 0.0298582 0.0138685
0.000123305 0.604316 0.0124538 0.000123305 0.000123305 0.000123305 0.098767 0.000123305 0.000123305 0.283724
0.000249377 0.474065 0.174813 0.000249377 0.000249377 0.000249377 0.000249377 0.000249377 0.274564 0.0750623
0.000262467 0.603937 0.105249 0.000262467 0.000262467 0.18399 0.000262467 0.000262467 0.000262467 0.105249
0.249254 0.000497512 0.000497512 0.000497512 0.49801 0.149751 0.000497512 0.000497512 0.1 0.000497512
0.000140647 0.661181 0.140788 0.000140647 0.000140647 0.000140647 0.112658 0.000140647 0.000140647 0.0845288
0.0214847 0.585368 0.0214847 0.199929 0.0928622 7.13776e-05 7.13776e-05 7.13776e-05 0.0428979 0.0357602
0.0738785 0.704202 0.00573538 5.67859e-05 0.0795571 0.0227712 5.67859e-05 5.67859e-05 0.113629 5.67859e-05
0.104835 0.330459 8.05802e-05 8.05802e-05 8.05802e-05 0.193473 8.05802e-05 0.0403707 0.330459 8.05802e-05
0.000255754 0.332737 0.000255754 0.25601 0.000255754 0.000255754 0.000255754 0.409463 0.000255754 0.000255754
0.0547229 0.687041 7.8064e-05 7.8064e-05 7.8064e-05 7.8064e-05 0.132787 7.8064e-05 7.8064e-05 0.12498
7.57002e-05 0.469417 0.0682059 0.0606359 7.57002e-05 0.159046 7.57002e-05 7.57002e-05 0.196896 0.0454958
0.0667111 0.000133156 0.0800266 0.532756 0.000133156 0.000133156 0.000133156 0.000133156 0.319707 0.000133156
0.188512 0.339171 0.000188324 0.000188324 0.000188324 0.000188324 0.000188324 0.000188324 0.0943503 0.376836
0.169273 0.06446 0.0138606 0.00602976 0.509012 0.0186796 0.0150654 0.0126559 0.18373 0.0072345
8.61326e-05 0.456589 0.0086994 0.0776055 0.129285 8.61326e-05 0.163738 8.61326e-05 0.120672 0.0431525
0.000212314 0.509766 0.085138 0.000212314 0.000212314 0.106369 0.000212314 0.000212314 0.000212314 0.297452
0.000249377 0.548878 0.0750623 0.000249377 0.000249377 0.000249377 0.000249377 0.000249377 0.000249377 0.374314
0.22416 0.192783 4.48229e-05 0.0672792 0.192783 4.48229e-05 4.48229e-05 0.170372 0.125549 0.0269386
0.000243309 0.000243309 0.194891 0.000243309 0.000243309 0.000243309 0.000243309 0.000243309 0.803163 0.000243309
0.000151286 0.302723 0.196823 0.000151286 0.106051 0.000151286 0.000151286 0.000151286 0.257337 0.136309
0.166556 0.000166389 0.0168053 0.0168053 0.183195 0.000166389 0.399501 0.216473 0.000166389 0.000166389
8.53971e-05 8.53971e-05 0.0940222 8.53971e-05 0.102562 0.230658 0.128181 0.102562 8.53971e-05 0.341674
7.86782e-05 7.86782e-05 0.0708891 0.118096 7.86782e-05 0.314792 7.86782e-05 0.236113 0.259717 7.86782e-05
0.752677 0.000144718 0.000144718 0.115919 0.000144718 0.000144718 0.000144718 0.000144718 0.130391 0.000144718
0.000990099 0.991089 0.000990099 0.000990099 0.000990099 0.000990099 0.000990099 0.000990099 0.000990099 0.000990099
0.0002079 0.249688 0.0002079 0.249688 0.187318 0.0002079 0.0002079 0.312058 0.0002079 0.0002079
0.000133156 0.306391 0.000133156 0.000133156 0.119973 0.000133156 0.0533955 0.000133156 0.000133156 0.519441
0.000188324 0.527495 0.0943503 0.000188324 0.000188324 0.000188324 0.000188324 0.376836 0.000188324 0.000188324
6.2461e-05 0.181199 0.0250468 6.2461e-05 0.0562773 0.0312929 0.0937539 6.2461e-05 0.349844 0.262398
0.142705 0.000355872 0.000355872 0.000355872 0.000355872 0.000355872 0.0715302 0.605338 0.178292 0.000355872
0.0148311 0.000146843 0.161674 0.000146843 0.000146843 0.000146843 0.205727 0.323201 0.293833 0.000146843
0.000149031 0.000149031 0.000149031 0.000149031 0.104471 0.000149031 0.14918 0.0150522 0.730402 0.000149031
0.356228 0.000355872 0.320641 0.000355872 0.249466 0.000355872 0.000355872 0.000355872 0.0715302 0.000355872
0.000249377 0.249626 0.000249377 0.000249377 0.000249377 0.449127 0.0750623 0.224688 0.000249377 0.000249377
9.33707e-05 0.270868 0.168161 9.33707e-05 0.214846 0.0747899 9.33707e-05 0.270868 9.33707e-05 9.33707e-05
0.000332226 0.000332226 0.399003 0.199668 0.000332226 0.23289 0.000332226 0.166445 0.000332226 0.000332226
0.0800797 0.71753 0.000398406 0.040239 0.11992 0.000398406 0.000398406 0.000398406 0.000398406 0.040239
0.0205703 0.000203666 0.000203666 0.000203666 0.550102 0.000203666 0.000203666 0.000203666 0.427902 0.000203666
0.509766 0.000212314 0.254989 0.148832 0.000212314 0.0214437 0.000212314 0.0639066 0.000212314 0.000212314
0.000369004 0.000369004 0.516974 0.000369004 0.000369004 0.000369004 0.000369004 0.480074 0.000369004 0.000369004
0.0002849 0.427635 0.171225 0.285185 0.0002849 0.114245 0.0002849 0.0002849 0.0002849 0.0002849
0.0484702 0.000161031 0.000161031 0.000161031 0.0162641 0.177295 0.000161031 0.000161031 0.62818 0.128986
0.000175131 0.000175131 0.000175131 0.19282 0.490543 0.105254 0.157793 0.000175131 0.0176883 0.0352014
0.000452489 0.0457014 0.000452489 0.000452489 0.000452489 0.000452489 0.407692 0.000452489 0.543439 0.000452489
0.533875 0.162645 0.209049 0.0930395 0.000232019 0.000232019 0.000232019 0.000232019 0.000232019 0.000232019
0.000138696 0.000138696 0.000138696 0.388488 0.000138696 0.000138696 0.33301 0.000138696 0.000138696 0.277531
0.000133156 0.15992 0.000133156 0.146605 0.000133156 0.0400799 0.0134487 0.0933422 0.546072 0.000133156
0.0880096 0.0320544 0.183933 7.9936e-05 0.040048 7.9936e-05 0.127978 0.263869 0.263869 7.9936e-05
0.0265092 0.000262467 0.000262467 0.000262467 0.000262467 0.787664 0.18399 0.000262467 0.000262467 0.000262467
0.995928 0.000452489 0.000452489 0.000452489 0.000452489 0.000452489 0.000452489 0.000452489 0.000452489 0.000452489
0.184871 0.000369004 0.000369004 0.000369004 0.516974 0.000369004 0.000369004 0.000369004 0.11107 0.184871
0.0438366 7.29395e-05 0.0657184 0.0438366 7.29395e-05 0.277243 0.0876003 0.116776 0.0876003 0.277243
0.195159 0.126178 0.0047226 0.0188727 0.346094 0.074294 0.0501209 0.0754731 0.09434 0.0147456
9.8912e-05 9.8912e-05 0.0891197 0.0990109 0.148467 0.484768 9.8912e-05 9.8912e-05 9.8912e-05 0.17814
0.132305 0.220411 0.000146843 0.117621 0.0295154 0.337885 0.000146843 0.000146843 0.000146843 0.161674
0.000129702 0.000129702 0.0130999 0.363294 0.103891 0.000129702 0.000129702 0.0390402 0.0909209 0.389235
0.000178253 0.000178253 0.000178253 0.124955 0.000178253 0.000178253 0.41016 0.000178253 0.285383 0.178431
0.000126422 0.000126422 0.18976 0.000126422 0.177118 0.341467 0.177118 0.113906 0.000126422 0.000126422
0.178292 0.000355872 0.000355872 0.000355872 0.000355872 0.285053 0.000355872 0.178292 0.356228 0.000355872
0.000212314 0.254989 0.000212314 0.318684 0.212527 0.000212314 0.000212314 0.085138 0.000212314 0.127601
0.0002849 0.313675 0.0002849 0.0002849 0.342165 0.0002849 0.0002849 0.342165 0.0002849 0.0002849
0.000243309 0.413869 0.000243309 0.194891 0.000243309 0.000243309 0.000243309 0.389538 0.000243309 0.000243309
0.000144718 0.000144718 0.000144718 0.593488 0.260637 0.144863 0.000144718 0.000144718 0.000144718 0.000144718
0.0318542 0.000158479 0.000158479 0.111094 0.380507 0.000158479 0.000158479 0.269572 0.206181 0.000158479
0.189275 0.0449486 0.050134 0.0328494 0.121001 0.12705 0.136557 0.0656901 0.105445 0.12705
0.262297 0.187391 0.0250936 0.224844 0.000124844 0.000124844 0.000124844 0.000124844 0.29975 0.000124844
4.38404e-05 4.38404e-05 0.258702 0.162253 0.100877 0.140333 0.114029 0.171021 4.38404e-05 0.0526523
0.000293255 0.205572 0.0589443 0.176246 0.117595 0.000293255 0.000293255 0.146921 0.293548 0.000293255
0.0393346 0.117613 0.0393346 0.000195695 0.000195695 0.685127 0.000195695 0.000195695 0.0589041 0.0589041
0.000249377 0.000249377 0.000249377 0.000249377 0.349377 0.499003 0.000249377 0.0501247 0.1 0.000249377
0.446072 0.191295 0.000212314 0.000212314 0.000212314 0.000212314 0.254989 0.106369 0.000212314 0.000212314
0.000355872 0.178292 0.427402 0.0359431 0.000355872 0.0359431 0.000355872 0.320641 0.000355872 0.000355872
0.172937 0.230518 0.000191939 0.0577735 0.000191939 0.384069 0.115355 0.000191939 0.000191939 0.0385797
0.211783 0.000302115 0.785801 0.000302115 0.000302115 0.000302115 0.000302115 0.000302115 0.000302115 0.000302115
0.06989 0.0328949 0.0996917 1.02764e-05 0.270281 0.210677 0.0215908 0.0524201 0.217871 0.0246737
0.0109018 0.115936 3.62188e-05 3.62188e-05 0.0616081 0.101449 0.094205 0.177508 0.188374 0.249946
0.0296188 0.000293255 0.0882698 0.000293255 0.000293255 0.762757 0.000293255 0.000293255 0.117595 0.000293255
0.0426752 0.000212314 0.106369 0.318684 0.212527 0.000212314 0.085138 0.000212314 0.233758 0.000212314
0.0002079 0.083368 0.0002079 0.0002079 0.0002079 0.353638 0.0002079 0.561538 0.0002079 0.0002079
0.029195 9.69932e-05 0.261979 0.155286 9.69932e-05 0.291077 9.69932e-05 0.10679 0.0388943 0.116489
0.217264 0.000108578 0.217264 0.0326819 0.000108578 0.195548 0.249837 0.000108578 0.0869707 0.000108578
5.43183e-05 0.146714 5.43183e-05 0.0760999 0.440033 5.43183e-05 5.43183e-05 0.249919 0.0869636 5.43183e-05
0.0287749 0.0002849 0.0287749 0.0002849 0.541595 0.0002849 0.228205 0.171225 0.0002849 0.0002849
0.000293255 0.000293255 0.264223 0.146921 0.000293255 0.000293255 0.117595 0.000293255 0.469501 0.000293255
